2025/05/28-00:39:32.051450 f71c RocksDB version: 9.10.0
2025/05/28-00:39:32.051499 f71c Git sha ae8fb3e5000e46d8d4c9dbf3a36019c0aaceebff
2025/05/28-00:39:32.051512 f71c Compile date 2025-01-22 17:43:14
2025/05/28-00:39:32.051525 f71c DB SUMMARY
2025/05/28-00:39:32.051534 f71c Host name (Env):  MISUMI7
2025/05/28-00:39:32.051541 f71c DB Session ID:  EPMYDI3A619JJSEB74R6
2025/05/28-00:39:32.052529 f71c CURRENT file:  CURRENT
2025/05/28-00:39:32.052545 f71c IDENTITY file:  IDENTITY
2025/05/28-00:39:32.052591 f71c MANIFEST file:  MANIFEST-000082 size: 3761 Bytes
2025/05/28-00:39:32.052607 f71c SST files in A:\Licenta\data dir, Total Num: 9, files: 000024.sst 000025.sst 000050.sst 000063.sst 000064.sst 000065.sst 000070.sst 000075.sst 000080.sst 
2025/05/28-00:39:32.052692 f71c Write Ahead Log file in A:\Licenta\data: 000081.log size: 1109 ; 
2025/05/28-00:39:32.052707 f71c                         Options.error_if_exists: 0
2025/05/28-00:39:32.052710 f71c                       Options.create_if_missing: 1
2025/05/28-00:39:32.052713 f71c                         Options.paranoid_checks: 1
2025/05/28-00:39:32.052716 f71c             Options.flush_verify_memtable_count: 1
2025/05/28-00:39:32.052718 f71c          Options.compaction_verify_record_count: 1
2025/05/28-00:39:32.052721 f71c                               Options.track_and_verify_wals_in_manifest: 0
2025/05/28-00:39:32.052724 f71c        Options.verify_sst_unique_id_in_manifest: 1
2025/05/28-00:39:32.052726 f71c                                     Options.env: 0000019B22EFAF50
2025/05/28-00:39:32.052729 f71c                                      Options.fs: WinFS
2025/05/28-00:39:32.052732 f71c                                Options.info_log: 0000019B23E7E7F0
2025/05/28-00:39:32.052734 f71c                Options.max_file_opening_threads: 16
2025/05/28-00:39:32.052737 f71c                              Options.statistics: 0000000000000000
2025/05/28-00:39:32.052740 f71c                               Options.use_fsync: 0
2025/05/28-00:39:32.052742 f71c                       Options.max_log_file_size: 0
2025/05/28-00:39:32.052745 f71c                  Options.max_manifest_file_size: 1073741824
2025/05/28-00:39:32.052747 f71c                   Options.log_file_time_to_roll: 0
2025/05/28-00:39:32.052750 f71c                       Options.keep_log_file_num: 1000
2025/05/28-00:39:32.052753 f71c                    Options.recycle_log_file_num: 0
2025/05/28-00:39:32.052755 f71c                         Options.allow_fallocate: 1
2025/05/28-00:39:32.052758 f71c                        Options.allow_mmap_reads: 0
2025/05/28-00:39:32.052760 f71c                       Options.allow_mmap_writes: 0
2025/05/28-00:39:32.052762 f71c                        Options.use_direct_reads: 0
2025/05/28-00:39:32.052765 f71c                        Options.use_direct_io_for_flush_and_compaction: 0
2025/05/28-00:39:32.052768 f71c          Options.create_missing_column_families: 1
2025/05/28-00:39:32.052770 f71c                              Options.db_log_dir: 
2025/05/28-00:39:32.052773 f71c                                 Options.wal_dir: 
2025/05/28-00:39:32.052775 f71c                Options.table_cache_numshardbits: 6
2025/05/28-00:39:32.052778 f71c                         Options.WAL_ttl_seconds: 0
2025/05/28-00:39:32.052780 f71c                       Options.WAL_size_limit_MB: 0
2025/05/28-00:39:32.052783 f71c                        Options.max_write_batch_group_size_bytes: 1048576
2025/05/28-00:39:32.052785 f71c             Options.manifest_preallocation_size: 4194304
2025/05/28-00:39:32.052788 f71c                     Options.is_fd_close_on_exec: 1
2025/05/28-00:39:32.052790 f71c                   Options.advise_random_on_open: 1
2025/05/28-00:39:32.052793 f71c                    Options.db_write_buffer_size: 0
2025/05/28-00:39:32.052796 f71c                    Options.write_buffer_manager: 0000019B22EFB8B0
2025/05/28-00:39:32.052798 f71c           Options.random_access_max_buffer_size: 1048576
2025/05/28-00:39:32.052801 f71c                      Options.use_adaptive_mutex: 0
2025/05/28-00:39:32.052803 f71c                            Options.rate_limiter: 0000000000000000
2025/05/28-00:39:32.052925 f71c     Options.sst_file_manager.rate_bytes_per_sec: 0
2025/05/28-00:39:32.052932 f71c                       Options.wal_recovery_mode: 2
2025/05/28-00:39:32.052935 f71c                  Options.enable_thread_tracking: 0
2025/05/28-00:39:32.052937 f71c                  Options.enable_pipelined_write: 0
2025/05/28-00:39:32.052940 f71c                  Options.unordered_write: 0
2025/05/28-00:39:32.052943 f71c         Options.allow_concurrent_memtable_write: 1
2025/05/28-00:39:32.052945 f71c      Options.enable_write_thread_adaptive_yield: 1
2025/05/28-00:39:32.052948 f71c             Options.write_thread_max_yield_usec: 100
2025/05/28-00:39:32.052951 f71c            Options.write_thread_slow_yield_usec: 3
2025/05/28-00:39:32.052953 f71c                               Options.row_cache: None
2025/05/28-00:39:32.052956 f71c                              Options.wal_filter: None
2025/05/28-00:39:32.052958 f71c             Options.avoid_flush_during_recovery: 0
2025/05/28-00:39:32.052961 f71c             Options.allow_ingest_behind: 0
2025/05/28-00:39:32.052963 f71c             Options.two_write_queues: 0
2025/05/28-00:39:32.052966 f71c             Options.manual_wal_flush: 0
2025/05/28-00:39:32.052968 f71c             Options.wal_compression: 0
2025/05/28-00:39:32.052971 f71c             Options.background_close_inactive_wals: 0
2025/05/28-00:39:32.052973 f71c             Options.atomic_flush: 0
2025/05/28-00:39:32.052975 f71c             Options.avoid_unnecessary_blocking_io: 0
2025/05/28-00:39:32.052978 f71c             Options.prefix_seek_opt_in_only: 0
2025/05/28-00:39:32.052980 f71c                 Options.persist_stats_to_disk: 0
2025/05/28-00:39:32.052983 f71c                 Options.write_dbid_to_manifest: 1
2025/05/28-00:39:32.052985 f71c                 Options.write_identity_file: 1
2025/05/28-00:39:32.052988 f71c                 Options.log_readahead_size: 0
2025/05/28-00:39:32.052990 f71c                 Options.file_checksum_gen_factory: Unknown
2025/05/28-00:39:32.052993 f71c                 Options.best_efforts_recovery: 0
2025/05/28-00:39:32.052995 f71c                Options.max_bgerror_resume_count: 2147483647
2025/05/28-00:39:32.052998 f71c            Options.bgerror_resume_retry_interval: 1000000
2025/05/28-00:39:32.053001 f71c             Options.allow_data_in_errors: 0
2025/05/28-00:39:32.053003 f71c             Options.db_host_id: __hostname__
2025/05/28-00:39:32.053005 f71c             Options.enforce_single_del_contracts: true
2025/05/28-00:39:32.053009 f71c             Options.metadata_write_temperature: kUnknown
2025/05/28-00:39:32.053011 f71c             Options.wal_write_temperature: kUnknown
2025/05/28-00:39:32.053014 f71c             Options.max_background_jobs: 2
2025/05/28-00:39:32.053016 f71c             Options.max_background_compactions: -1
2025/05/28-00:39:32.053019 f71c             Options.max_subcompactions: 1
2025/05/28-00:39:32.053021 f71c             Options.avoid_flush_during_shutdown: 0
2025/05/28-00:39:32.053024 f71c           Options.writable_file_max_buffer_size: 1048576
2025/05/28-00:39:32.053026 f71c             Options.delayed_write_rate : 16777216
2025/05/28-00:39:32.053029 f71c             Options.max_total_wal_size: 0
2025/05/28-00:39:32.053031 f71c             Options.delete_obsolete_files_period_micros: 21600000000
2025/05/28-00:39:32.053034 f71c                   Options.stats_dump_period_sec: 600
2025/05/28-00:39:32.053036 f71c                 Options.stats_persist_period_sec: 600
2025/05/28-00:39:32.053039 f71c                 Options.stats_history_buffer_size: 1048576
2025/05/28-00:39:32.053042 f71c                          Options.max_open_files: -1
2025/05/28-00:39:32.053044 f71c                          Options.bytes_per_sync: 0
2025/05/28-00:39:32.053047 f71c                      Options.wal_bytes_per_sync: 0
2025/05/28-00:39:32.053049 f71c                   Options.strict_bytes_per_sync: 0
2025/05/28-00:39:32.053052 f71c       Options.compaction_readahead_size: 2097152
2025/05/28-00:39:32.053170 f71c                  Options.max_background_flushes: -1
2025/05/28-00:39:32.053176 f71c Options.daily_offpeak_time_utc: 
2025/05/28-00:39:32.053179 f71c Compression algorithms supported:
2025/05/28-00:39:32.053187 f71c 	kZSTD supported: 1
2025/05/28-00:39:32.053191 f71c 	kSnappyCompression supported: 1
2025/05/28-00:39:32.053193 f71c 	kBZip2Compression supported: 0
2025/05/28-00:39:32.053196 f71c 	kZlibCompression supported: 1
2025/05/28-00:39:32.053199 f71c 	kLZ4Compression supported: 1
2025/05/28-00:39:32.053201 f71c 	kXpressCompression supported: 0
2025/05/28-00:39:32.053204 f71c 	kLZ4HCCompression supported: 1
2025/05/28-00:39:32.053206 f71c 	kZSTDNotFinalCompression supported: 1
2025/05/28-00:39:32.053213 f71c Fast CRC32 supported: Not supported on x86
2025/05/28-00:39:32.053215 f71c DMutex implementation: std::mutex
2025/05/28-00:39:32.053218 f71c Jemalloc supported: 0
2025/05/28-00:39:32.060750 f71c [db\version_set.cc:6030] Recovering from manifest file: A:\Licenta\data/MANIFEST-000082
2025/05/28-00:39:32.066469 f71c [db\column_family.cc:629] --------------- Options for column family [default]:
2025/05/28-00:39:32.066494 f71c               Options.comparator: leveldb.BytewiseComparator
2025/05/28-00:39:32.066501 f71c           Options.merge_operator: None
2025/05/28-00:39:32.066504 f71c        Options.compaction_filter: None
2025/05/28-00:39:32.066507 f71c        Options.compaction_filter_factory: None
2025/05/28-00:39:32.066510 f71c  Options.sst_partitioner_factory: None
2025/05/28-00:39:32.066513 f71c         Options.memtable_factory: SkipListFactory
2025/05/28-00:39:32.066515 f71c            Options.table_factory: BlockBasedTable
2025/05/28-00:39:32.066542 f71c            table_factory options:   flush_block_policy_factory: FlushBlockBySizePolicyFactory (0000019B2440BCF0)
  cache_index_and_filter_blocks: 0
  cache_index_and_filter_blocks_with_high_priority: 1
  pin_l0_filter_and_index_blocks_in_cache: 0
  pin_top_level_index_and_filter: 1
  index_type: 0
  data_block_index_type: 0
  index_shortening: 1
  data_block_hash_table_util_ratio: 0.750000
  checksum: 4
  no_block_cache: 0
  block_cache: 0000019B22F01F20
  block_cache_name: LRUCache
  block_cache_options:
    capacity : 33554432
    num_shard_bits : 6
    strict_capacity_limit : 0
    memory_allocator : None
    high_pri_pool_ratio: 0.500
    low_pri_pool_ratio: 0.000
  persistent_cache: 0000000000000000
  block_size: 4096
  block_size_deviation: 10
  block_restart_interval: 16
  index_block_restart_interval: 1
  metadata_block_size: 4096
  partition_filters: 0
  use_delta_encoding: 1
  filter_policy: nullptr
  whole_key_filtering: 1
  verify_compression: 0
  read_amp_bytes_per_bit: 0
  format_version: 6
  enable_index_compression: 1
  block_align: 0
  max_auto_readahead_size: 262144
  prepopulate_block_cache: 0
  initial_auto_readahead_size: 8192
  num_file_reads_for_auto_readahead: 2
2025/05/28-00:39:32.066548 f71c        Options.write_buffer_size: 67108864
2025/05/28-00:39:32.066551 f71c  Options.max_write_buffer_number: 2
2025/05/28-00:39:32.066554 f71c          Options.compression: Snappy
2025/05/28-00:39:32.066556 f71c                  Options.bottommost_compression: Disabled
2025/05/28-00:39:32.066559 f71c       Options.prefix_extractor: nullptr
2025/05/28-00:39:32.066565 f71c   Options.memtable_insert_with_hint_prefix_extractor: nullptr
2025/05/28-00:39:32.066570 f71c             Options.num_levels: 7
2025/05/28-00:39:32.066575 f71c        Options.min_write_buffer_number_to_merge: 1
2025/05/28-00:39:32.066579 f71c     Options.max_write_buffer_number_to_maintain: 0
2025/05/28-00:39:32.066584 f71c     Options.max_write_buffer_size_to_maintain: 0
2025/05/28-00:39:32.066588 f71c            Options.bottommost_compression_opts.window_bits: -14
2025/05/28-00:39:32.066591 f71c                  Options.bottommost_compression_opts.level: 32767
2025/05/28-00:39:32.066595 f71c               Options.bottommost_compression_opts.strategy: 0
2025/05/28-00:39:32.066597 f71c         Options.bottommost_compression_opts.max_dict_bytes: 0
2025/05/28-00:39:32.066603 f71c         Options.bottommost_compression_opts.zstd_max_train_bytes: 0
2025/05/28-00:39:32.066607 f71c         Options.bottommost_compression_opts.parallel_threads: 1
2025/05/28-00:39:32.066610 f71c                  Options.bottommost_compression_opts.enabled: false
2025/05/28-00:39:32.066612 f71c         Options.bottommost_compression_opts.max_dict_buffer_bytes: 0
2025/05/28-00:39:32.066615 f71c         Options.bottommost_compression_opts.use_zstd_dict_trainer: true
2025/05/28-00:39:32.066618 f71c            Options.compression_opts.window_bits: -14
2025/05/28-00:39:32.066620 f71c                  Options.compression_opts.level: 32767
2025/05/28-00:39:32.066623 f71c               Options.compression_opts.strategy: 0
2025/05/28-00:39:32.066625 f71c         Options.compression_opts.max_dict_bytes: 0
2025/05/28-00:39:32.066628 f71c         Options.compression_opts.zstd_max_train_bytes: 0
2025/05/28-00:39:32.066630 f71c         Options.compression_opts.use_zstd_dict_trainer: true
2025/05/28-00:39:32.066633 f71c         Options.compression_opts.parallel_threads: 1
2025/05/28-00:39:32.066636 f71c                  Options.compression_opts.enabled: false
2025/05/28-00:39:32.066639 f71c         Options.compression_opts.max_dict_buffer_bytes: 0
2025/05/28-00:39:32.066641 f71c      Options.level0_file_num_compaction_trigger: 4
2025/05/28-00:39:32.066644 f71c          Options.level0_slowdown_writes_trigger: 20
2025/05/28-00:39:32.066646 f71c              Options.level0_stop_writes_trigger: 36
2025/05/28-00:39:32.066649 f71c                   Options.target_file_size_base: 67108864
2025/05/28-00:39:32.066651 f71c             Options.target_file_size_multiplier: 1
2025/05/28-00:39:32.066654 f71c                Options.max_bytes_for_level_base: 268435456
2025/05/28-00:39:32.066656 f71c Options.level_compaction_dynamic_level_bytes: 1
2025/05/28-00:39:32.066659 f71c          Options.max_bytes_for_level_multiplier: 10.000000
2025/05/28-00:39:32.066662 f71c Options.max_bytes_for_level_multiplier_addtl[0]: 1
2025/05/28-00:39:32.066665 f71c Options.max_bytes_for_level_multiplier_addtl[1]: 1
2025/05/28-00:39:32.066668 f71c Options.max_bytes_for_level_multiplier_addtl[2]: 1
2025/05/28-00:39:32.066670 f71c Options.max_bytes_for_level_multiplier_addtl[3]: 1
2025/05/28-00:39:32.066673 f71c Options.max_bytes_for_level_multiplier_addtl[4]: 1
2025/05/28-00:39:32.066675 f71c Options.max_bytes_for_level_multiplier_addtl[5]: 1
2025/05/28-00:39:32.066678 f71c Options.max_bytes_for_level_multiplier_addtl[6]: 1
2025/05/28-00:39:32.066680 f71c       Options.max_sequential_skip_in_iterations: 8
2025/05/28-00:39:32.066683 f71c                    Options.max_compaction_bytes: 1677721600
2025/05/28-00:39:32.066685 f71c                        Options.arena_block_size: 1048576
2025/05/28-00:39:32.066688 f71c   Options.soft_pending_compaction_bytes_limit: 68719476736
2025/05/28-00:39:32.066690 f71c   Options.hard_pending_compaction_bytes_limit: 274877906944
2025/05/28-00:39:32.066693 f71c                Options.disable_auto_compactions: 0
2025/05/28-00:39:32.066697 f71c                        Options.compaction_style: kCompactionStyleLevel
2025/05/28-00:39:32.066700 f71c                          Options.compaction_pri: kMinOverlappingRatio
2025/05/28-00:39:32.066703 f71c Options.compaction_options_universal.size_ratio: 1
2025/05/28-00:39:32.066705 f71c Options.compaction_options_universal.min_merge_width: 2
2025/05/28-00:39:32.066708 f71c Options.compaction_options_universal.max_merge_width: 4294967295
2025/05/28-00:39:32.066710 f71c Options.compaction_options_universal.max_size_amplification_percent: 200
2025/05/28-00:39:32.066713 f71c Options.compaction_options_universal.compression_size_percent: -1
2025/05/28-00:39:32.066720 f71c Options.compaction_options_universal.stop_style: kCompactionStopStyleTotalSize
2025/05/28-00:39:32.066723 f71c Options.compaction_options_universal.max_read_amp: -1
2025/05/28-00:39:32.066725 f71c Options.compaction_options_fifo.max_table_files_size: 1073741824
2025/05/28-00:39:32.066728 f71c Options.compaction_options_fifo.allow_compaction: 0
2025/05/28-00:39:32.066766 f71c                   Options.table_properties_collectors: 
2025/05/28-00:39:32.066770 f71c                   Options.inplace_update_support: 0
2025/05/28-00:39:32.066773 f71c                 Options.inplace_update_num_locks: 10000
2025/05/28-00:39:32.066775 f71c               Options.memtable_prefix_bloom_size_ratio: 0.000000
2025/05/28-00:39:32.066778 f71c               Options.memtable_whole_key_filtering: 0
2025/05/28-00:39:32.066781 f71c   Options.memtable_huge_page_size: 0
2025/05/28-00:39:32.066783 f71c                           Options.bloom_locality: 0
2025/05/28-00:39:32.066786 f71c                    Options.max_successive_merges: 0
2025/05/28-00:39:32.066788 f71c             Options.strict_max_successive_merges: 0
2025/05/28-00:39:32.066791 f71c                Options.optimize_filters_for_hits: 0
2025/05/28-00:39:32.066794 f71c                Options.paranoid_file_checks: 0
2025/05/28-00:39:32.066796 f71c                Options.force_consistency_checks: 1
2025/05/28-00:39:32.066798 f71c                Options.report_bg_io_stats: 0
2025/05/28-00:39:32.066801 f71c                               Options.ttl: 2592000
2025/05/28-00:39:32.066804 f71c          Options.periodic_compaction_seconds: 0
2025/05/28-00:39:32.066806 f71c                        Options.default_temperature: kUnknown
2025/05/28-00:39:32.066809 f71c  Options.preclude_last_level_data_seconds: 0
2025/05/28-00:39:32.066812 f71c    Options.preserve_internal_time_seconds: 0
2025/05/28-00:39:32.066814 f71c                       Options.enable_blob_files: false
2025/05/28-00:39:32.066817 f71c                           Options.min_blob_size: 0
2025/05/28-00:39:32.066819 f71c                          Options.blob_file_size: 268435456
2025/05/28-00:39:32.066822 f71c                   Options.blob_compression_type: NoCompression
2025/05/28-00:39:32.066824 f71c          Options.enable_blob_garbage_collection: false
2025/05/28-00:39:32.066827 f71c      Options.blob_garbage_collection_age_cutoff: 0.250000
2025/05/28-00:39:32.066830 f71c Options.blob_garbage_collection_force_threshold: 1.000000
2025/05/28-00:39:32.066833 f71c          Options.blob_compaction_readahead_size: 0
2025/05/28-00:39:32.066835 f71c                Options.blob_file_starting_level: 0
2025/05/28-00:39:32.066838 f71c         Options.experimental_mempurge_threshold: 0.000000
2025/05/28-00:39:32.066841 f71c            Options.memtable_max_range_deletions: 0
2025/05/28-00:39:32.067087 f71c [db\column_family.cc:629] --------------- Options for column family [block]:
2025/05/28-00:39:32.067093 f71c               Options.comparator: leveldb.BytewiseComparator
2025/05/28-00:39:32.067097 f71c           Options.merge_operator: None
2025/05/28-00:39:32.067099 f71c        Options.compaction_filter: None
2025/05/28-00:39:32.067102 f71c        Options.compaction_filter_factory: None
2025/05/28-00:39:32.067104 f71c  Options.sst_partitioner_factory: None
2025/05/28-00:39:32.067107 f71c         Options.memtable_factory: SkipListFactory
2025/05/28-00:39:32.067109 f71c            Options.table_factory: BlockBasedTable
2025/05/28-00:39:32.067127 f71c            table_factory options:   flush_block_policy_factory: FlushBlockBySizePolicyFactory (0000019B2440BE10)
  cache_index_and_filter_blocks: 0
  cache_index_and_filter_blocks_with_high_priority: 1
  pin_l0_filter_and_index_blocks_in_cache: 0
  pin_top_level_index_and_filter: 1
  index_type: 0
  data_block_index_type: 0
  index_shortening: 1
  data_block_hash_table_util_ratio: 0.750000
  checksum: 4
  no_block_cache: 0
  block_cache: 0000019B22F02470
  block_cache_name: LRUCache
  block_cache_options:
    capacity : 33554432
    num_shard_bits : 6
    strict_capacity_limit : 0
    memory_allocator : None
    high_pri_pool_ratio: 0.500
    low_pri_pool_ratio: 0.000
  persistent_cache: 0000000000000000
  block_size: 4096
  block_size_deviation: 10
  block_restart_interval: 16
  index_block_restart_interval: 1
  metadata_block_size: 4096
  partition_filters: 0
  use_delta_encoding: 1
  filter_policy: nullptr
  whole_key_filtering: 1
  verify_compression: 0
  read_amp_bytes_per_bit: 0
  format_version: 6
  enable_index_compression: 1
  block_align: 0
  max_auto_readahead_size: 262144
  prepopulate_block_cache: 0
  initial_auto_readahead_size: 8192
  num_file_reads_for_auto_readahead: 2
2025/05/28-00:39:32.067131 f71c        Options.write_buffer_size: 67108864
2025/05/28-00:39:32.067135 f71c  Options.max_write_buffer_number: 2
2025/05/28-00:39:32.067137 f71c          Options.compression: Snappy
2025/05/28-00:39:32.067140 f71c                  Options.bottommost_compression: Disabled
2025/05/28-00:39:32.067143 f71c       Options.prefix_extractor: nullptr
2025/05/28-00:39:32.067145 f71c   Options.memtable_insert_with_hint_prefix_extractor: nullptr
2025/05/28-00:39:32.067148 f71c             Options.num_levels: 7
2025/05/28-00:39:32.067150 f71c        Options.min_write_buffer_number_to_merge: 1
2025/05/28-00:39:32.067153 f71c     Options.max_write_buffer_number_to_maintain: 0
2025/05/28-00:39:32.067155 f71c     Options.max_write_buffer_size_to_maintain: 0
2025/05/28-00:39:32.067158 f71c            Options.bottommost_compression_opts.window_bits: -14
2025/05/28-00:39:32.067160 f71c                  Options.bottommost_compression_opts.level: 32767
2025/05/28-00:39:32.067163 f71c               Options.bottommost_compression_opts.strategy: 0
2025/05/28-00:39:32.067165 f71c         Options.bottommost_compression_opts.max_dict_bytes: 0
2025/05/28-00:39:32.067168 f71c         Options.bottommost_compression_opts.zstd_max_train_bytes: 0
2025/05/28-00:39:32.067171 f71c         Options.bottommost_compression_opts.parallel_threads: 1
2025/05/28-00:39:32.067173 f71c                  Options.bottommost_compression_opts.enabled: false
2025/05/28-00:39:32.067176 f71c         Options.bottommost_compression_opts.max_dict_buffer_bytes: 0
2025/05/28-00:39:32.067178 f71c         Options.bottommost_compression_opts.use_zstd_dict_trainer: true
2025/05/28-00:39:32.067181 f71c            Options.compression_opts.window_bits: -14
2025/05/28-00:39:32.067184 f71c                  Options.compression_opts.level: 32767
2025/05/28-00:39:32.067186 f71c               Options.compression_opts.strategy: 0
2025/05/28-00:39:32.067189 f71c         Options.compression_opts.max_dict_bytes: 0
2025/05/28-00:39:32.067191 f71c         Options.compression_opts.zstd_max_train_bytes: 0
2025/05/28-00:39:32.067194 f71c         Options.compression_opts.use_zstd_dict_trainer: true
2025/05/28-00:39:32.067196 f71c         Options.compression_opts.parallel_threads: 1
2025/05/28-00:39:32.067199 f71c                  Options.compression_opts.enabled: false
2025/05/28-00:39:32.067202 f71c         Options.compression_opts.max_dict_buffer_bytes: 0
2025/05/28-00:39:32.067204 f71c      Options.level0_file_num_compaction_trigger: 4
2025/05/28-00:39:32.067207 f71c          Options.level0_slowdown_writes_trigger: 20
2025/05/28-00:39:32.067209 f71c              Options.level0_stop_writes_trigger: 36
2025/05/28-00:39:32.067212 f71c                   Options.target_file_size_base: 67108864
2025/05/28-00:39:32.067214 f71c             Options.target_file_size_multiplier: 1
2025/05/28-00:39:32.067217 f71c                Options.max_bytes_for_level_base: 268435456
2025/05/28-00:39:32.067220 f71c Options.level_compaction_dynamic_level_bytes: 1
2025/05/28-00:39:32.067222 f71c          Options.max_bytes_for_level_multiplier: 10.000000
2025/05/28-00:39:32.067225 f71c Options.max_bytes_for_level_multiplier_addtl[0]: 1
2025/05/28-00:39:32.067228 f71c Options.max_bytes_for_level_multiplier_addtl[1]: 1
2025/05/28-00:39:32.067230 f71c Options.max_bytes_for_level_multiplier_addtl[2]: 1
2025/05/28-00:39:32.067233 f71c Options.max_bytes_for_level_multiplier_addtl[3]: 1
2025/05/28-00:39:32.067235 f71c Options.max_bytes_for_level_multiplier_addtl[4]: 1
2025/05/28-00:39:32.067238 f71c Options.max_bytes_for_level_multiplier_addtl[5]: 1
2025/05/28-00:39:32.067240 f71c Options.max_bytes_for_level_multiplier_addtl[6]: 1
2025/05/28-00:39:32.067243 f71c       Options.max_sequential_skip_in_iterations: 8
2025/05/28-00:39:32.067247 f71c                    Options.max_compaction_bytes: 1677721600
2025/05/28-00:39:32.067250 f71c                        Options.arena_block_size: 1048576
2025/05/28-00:39:32.067253 f71c   Options.soft_pending_compaction_bytes_limit: 68719476736
2025/05/28-00:39:32.067255 f71c   Options.hard_pending_compaction_bytes_limit: 274877906944
2025/05/28-00:39:32.067258 f71c                Options.disable_auto_compactions: 0
2025/05/28-00:39:32.067261 f71c                        Options.compaction_style: kCompactionStyleLevel
2025/05/28-00:39:32.067263 f71c                          Options.compaction_pri: kMinOverlappingRatio
2025/05/28-00:39:32.067266 f71c Options.compaction_options_universal.size_ratio: 1
2025/05/28-00:39:32.067269 f71c Options.compaction_options_universal.min_merge_width: 2
2025/05/28-00:39:32.067271 f71c Options.compaction_options_universal.max_merge_width: 4294967295
2025/05/28-00:39:32.067274 f71c Options.compaction_options_universal.max_size_amplification_percent: 200
2025/05/28-00:39:32.067277 f71c Options.compaction_options_universal.compression_size_percent: -1
2025/05/28-00:39:32.067279 f71c Options.compaction_options_universal.stop_style: kCompactionStopStyleTotalSize
2025/05/28-00:39:32.067282 f71c Options.compaction_options_universal.max_read_amp: -1
2025/05/28-00:39:32.067284 f71c Options.compaction_options_fifo.max_table_files_size: 1073741824
2025/05/28-00:39:32.067287 f71c Options.compaction_options_fifo.allow_compaction: 0
2025/05/28-00:39:32.067290 f71c                   Options.table_properties_collectors: 
2025/05/28-00:39:32.067293 f71c                   Options.inplace_update_support: 0
2025/05/28-00:39:32.067295 f71c                 Options.inplace_update_num_locks: 10000
2025/05/28-00:39:32.067298 f71c               Options.memtable_prefix_bloom_size_ratio: 0.000000
2025/05/28-00:39:32.067301 f71c               Options.memtable_whole_key_filtering: 0
2025/05/28-00:39:32.067303 f71c   Options.memtable_huge_page_size: 0
2025/05/28-00:39:32.067306 f71c                           Options.bloom_locality: 0
2025/05/28-00:39:32.067308 f71c                    Options.max_successive_merges: 0
2025/05/28-00:39:32.067311 f71c             Options.strict_max_successive_merges: 0
2025/05/28-00:39:32.067313 f71c                Options.optimize_filters_for_hits: 0
2025/05/28-00:39:32.067316 f71c                Options.paranoid_file_checks: 0
2025/05/28-00:39:32.067318 f71c                Options.force_consistency_checks: 1
2025/05/28-00:39:32.067321 f71c                Options.report_bg_io_stats: 0
2025/05/28-00:39:32.067323 f71c                               Options.ttl: 2592000
2025/05/28-00:39:32.067326 f71c          Options.periodic_compaction_seconds: 0
2025/05/28-00:39:32.067328 f71c                        Options.default_temperature: kUnknown
2025/05/28-00:39:32.067331 f71c  Options.preclude_last_level_data_seconds: 0
2025/05/28-00:39:32.067333 f71c    Options.preserve_internal_time_seconds: 0
2025/05/28-00:39:32.067336 f71c                       Options.enable_blob_files: false
2025/05/28-00:39:32.067339 f71c                           Options.min_blob_size: 0
2025/05/28-00:39:32.067341 f71c                          Options.blob_file_size: 268435456
2025/05/28-00:39:32.067344 f71c                   Options.blob_compression_type: NoCompression
2025/05/28-00:39:32.067346 f71c          Options.enable_blob_garbage_collection: false
2025/05/28-00:39:32.067349 f71c      Options.blob_garbage_collection_age_cutoff: 0.250000
2025/05/28-00:39:32.067352 f71c Options.blob_garbage_collection_force_threshold: 1.000000
2025/05/28-00:39:32.067354 f71c          Options.blob_compaction_readahead_size: 0
2025/05/28-00:39:32.067357 f71c                Options.blob_file_starting_level: 0
2025/05/28-00:39:32.067359 f71c         Options.experimental_mempurge_threshold: 0.000000
2025/05/28-00:39:32.067362 f71c            Options.memtable_max_range_deletions: 0
2025/05/28-00:39:32.067420 f71c [db\column_family.cc:629] --------------- Options for column family [blockIndex]:
2025/05/28-00:39:32.067424 f71c               Options.comparator: leveldb.BytewiseComparator
2025/05/28-00:39:32.067429 f71c           Options.merge_operator: None
2025/05/28-00:39:32.067432 f71c        Options.compaction_filter: None
2025/05/28-00:39:32.067434 f71c        Options.compaction_filter_factory: None
2025/05/28-00:39:32.067437 f71c  Options.sst_partitioner_factory: None
2025/05/28-00:39:32.067439 f71c         Options.memtable_factory: SkipListFactory
2025/05/28-00:39:32.067442 f71c            Options.table_factory: BlockBasedTable
2025/05/28-00:39:32.067457 f71c            table_factory options:   flush_block_policy_factory: FlushBlockBySizePolicyFactory (0000019B2440C290)
  cache_index_and_filter_blocks: 0
  cache_index_and_filter_blocks_with_high_priority: 1
  pin_l0_filter_and_index_blocks_in_cache: 0
  pin_top_level_index_and_filter: 1
  index_type: 0
  data_block_index_type: 0
  index_shortening: 1
  data_block_hash_table_util_ratio: 0.750000
  checksum: 4
  no_block_cache: 0
  block_cache: 0000019B22F02030
  block_cache_name: LRUCache
  block_cache_options:
    capacity : 33554432
    num_shard_bits : 6
    strict_capacity_limit : 0
    memory_allocator : None
    high_pri_pool_ratio: 0.500
    low_pri_pool_ratio: 0.000
  persistent_cache: 0000000000000000
  block_size: 4096
  block_size_deviation: 10
  block_restart_interval: 16
  index_block_restart_interval: 1
  metadata_block_size: 4096
  partition_filters: 0
  use_delta_encoding: 1
  filter_policy: nullptr
  whole_key_filtering: 1
  verify_compression: 0
  read_amp_bytes_per_bit: 0
  format_version: 6
  enable_index_compression: 1
  block_align: 0
  max_auto_readahead_size: 262144
  prepopulate_block_cache: 0
  initial_auto_readahead_size: 8192
  num_file_reads_for_auto_readahead: 2
2025/05/28-00:39:32.067460 f71c        Options.write_buffer_size: 67108864
2025/05/28-00:39:32.067463 f71c  Options.max_write_buffer_number: 2
2025/05/28-00:39:32.067465 f71c          Options.compression: Snappy
2025/05/28-00:39:32.067467 f71c                  Options.bottommost_compression: Disabled
2025/05/28-00:39:32.067470 f71c       Options.prefix_extractor: nullptr
2025/05/28-00:39:32.067472 f71c   Options.memtable_insert_with_hint_prefix_extractor: nullptr
2025/05/28-00:39:32.067475 f71c             Options.num_levels: 7
2025/05/28-00:39:32.067477 f71c        Options.min_write_buffer_number_to_merge: 1
2025/05/28-00:39:32.067480 f71c     Options.max_write_buffer_number_to_maintain: 0
2025/05/28-00:39:32.067482 f71c     Options.max_write_buffer_size_to_maintain: 0
2025/05/28-00:39:32.067485 f71c            Options.bottommost_compression_opts.window_bits: -14
2025/05/28-00:39:32.067488 f71c                  Options.bottommost_compression_opts.level: 32767
2025/05/28-00:39:32.067490 f71c               Options.bottommost_compression_opts.strategy: 0
2025/05/28-00:39:32.067493 f71c         Options.bottommost_compression_opts.max_dict_bytes: 0
2025/05/28-00:39:32.067495 f71c         Options.bottommost_compression_opts.zstd_max_train_bytes: 0
2025/05/28-00:39:32.067498 f71c         Options.bottommost_compression_opts.parallel_threads: 1
2025/05/28-00:39:32.067500 f71c                  Options.bottommost_compression_opts.enabled: false
2025/05/28-00:39:32.067503 f71c         Options.bottommost_compression_opts.max_dict_buffer_bytes: 0
2025/05/28-00:39:32.067505 f71c         Options.bottommost_compression_opts.use_zstd_dict_trainer: true
2025/05/28-00:39:32.067508 f71c            Options.compression_opts.window_bits: -14
2025/05/28-00:39:32.067510 f71c                  Options.compression_opts.level: 32767
2025/05/28-00:39:32.067513 f71c               Options.compression_opts.strategy: 0
2025/05/28-00:39:32.067515 f71c         Options.compression_opts.max_dict_bytes: 0
2025/05/28-00:39:32.067518 f71c         Options.compression_opts.zstd_max_train_bytes: 0
2025/05/28-00:39:32.067520 f71c         Options.compression_opts.use_zstd_dict_trainer: true
2025/05/28-00:39:32.067523 f71c         Options.compression_opts.parallel_threads: 1
2025/05/28-00:39:32.067525 f71c                  Options.compression_opts.enabled: false
2025/05/28-00:39:32.067682 f71c         Options.compression_opts.max_dict_buffer_bytes: 0
2025/05/28-00:39:32.067691 f71c      Options.level0_file_num_compaction_trigger: 4
2025/05/28-00:39:32.067695 f71c          Options.level0_slowdown_writes_trigger: 20
2025/05/28-00:39:32.067698 f71c              Options.level0_stop_writes_trigger: 36
2025/05/28-00:39:32.067701 f71c                   Options.target_file_size_base: 67108864
2025/05/28-00:39:32.067703 f71c             Options.target_file_size_multiplier: 1
2025/05/28-00:39:32.067706 f71c                Options.max_bytes_for_level_base: 268435456
2025/05/28-00:39:32.067709 f71c Options.level_compaction_dynamic_level_bytes: 1
2025/05/28-00:39:32.067711 f71c          Options.max_bytes_for_level_multiplier: 10.000000
2025/05/28-00:39:32.067714 f71c Options.max_bytes_for_level_multiplier_addtl[0]: 1
2025/05/28-00:39:32.067717 f71c Options.max_bytes_for_level_multiplier_addtl[1]: 1
2025/05/28-00:39:32.067720 f71c Options.max_bytes_for_level_multiplier_addtl[2]: 1
2025/05/28-00:39:32.067722 f71c Options.max_bytes_for_level_multiplier_addtl[3]: 1
2025/05/28-00:39:32.067725 f71c Options.max_bytes_for_level_multiplier_addtl[4]: 1
2025/05/28-00:39:32.067727 f71c Options.max_bytes_for_level_multiplier_addtl[5]: 1
2025/05/28-00:39:32.067730 f71c Options.max_bytes_for_level_multiplier_addtl[6]: 1
2025/05/28-00:39:32.067732 f71c       Options.max_sequential_skip_in_iterations: 8
2025/05/28-00:39:32.067735 f71c                    Options.max_compaction_bytes: 1677721600
2025/05/28-00:39:32.067737 f71c                        Options.arena_block_size: 1048576
2025/05/28-00:39:32.067740 f71c   Options.soft_pending_compaction_bytes_limit: 68719476736
2025/05/28-00:39:32.067742 f71c   Options.hard_pending_compaction_bytes_limit: 274877906944
2025/05/28-00:39:32.067745 f71c                Options.disable_auto_compactions: 0
2025/05/28-00:39:32.067748 f71c                        Options.compaction_style: kCompactionStyleLevel
2025/05/28-00:39:32.067751 f71c                          Options.compaction_pri: kMinOverlappingRatio
2025/05/28-00:39:32.067754 f71c Options.compaction_options_universal.size_ratio: 1
2025/05/28-00:39:32.067757 f71c Options.compaction_options_universal.min_merge_width: 2
2025/05/28-00:39:32.067760 f71c Options.compaction_options_universal.max_merge_width: 4294967295
2025/05/28-00:39:32.067763 f71c Options.compaction_options_universal.max_size_amplification_percent: 200
2025/05/28-00:39:32.067767 f71c Options.compaction_options_universal.compression_size_percent: -1
2025/05/28-00:39:32.067771 f71c Options.compaction_options_universal.stop_style: kCompactionStopStyleTotalSize
2025/05/28-00:39:32.067774 f71c Options.compaction_options_universal.max_read_amp: -1
2025/05/28-00:39:32.067777 f71c Options.compaction_options_fifo.max_table_files_size: 1073741824
2025/05/28-00:39:32.067781 f71c Options.compaction_options_fifo.allow_compaction: 0
2025/05/28-00:39:32.067785 f71c                   Options.table_properties_collectors: 
2025/05/28-00:39:32.067788 f71c                   Options.inplace_update_support: 0
2025/05/28-00:39:32.067792 f71c                 Options.inplace_update_num_locks: 10000
2025/05/28-00:39:32.067795 f71c               Options.memtable_prefix_bloom_size_ratio: 0.000000
2025/05/28-00:39:32.067798 f71c               Options.memtable_whole_key_filtering: 0
2025/05/28-00:39:32.067801 f71c   Options.memtable_huge_page_size: 0
2025/05/28-00:39:32.067804 f71c                           Options.bloom_locality: 0
2025/05/28-00:39:32.067808 f71c                    Options.max_successive_merges: 0
2025/05/28-00:39:32.067811 f71c             Options.strict_max_successive_merges: 0
2025/05/28-00:39:32.067814 f71c                Options.optimize_filters_for_hits: 0
2025/05/28-00:39:32.067817 f71c                Options.paranoid_file_checks: 0
2025/05/28-00:39:32.067820 f71c                Options.force_consistency_checks: 1
2025/05/28-00:39:32.067823 f71c                Options.report_bg_io_stats: 0
2025/05/28-00:39:32.067826 f71c                               Options.ttl: 2592000
2025/05/28-00:39:32.067831 f71c          Options.periodic_compaction_seconds: 0
2025/05/28-00:39:32.067835 f71c                        Options.default_temperature: kUnknown
2025/05/28-00:39:32.067838 f71c  Options.preclude_last_level_data_seconds: 0
2025/05/28-00:39:32.067842 f71c    Options.preserve_internal_time_seconds: 0
2025/05/28-00:39:32.067845 f71c                       Options.enable_blob_files: false
2025/05/28-00:39:32.067848 f71c                           Options.min_blob_size: 0
2025/05/28-00:39:32.067851 f71c                          Options.blob_file_size: 268435456
2025/05/28-00:39:32.067854 f71c                   Options.blob_compression_type: NoCompression
2025/05/28-00:39:32.067858 f71c          Options.enable_blob_garbage_collection: false
2025/05/28-00:39:32.067861 f71c      Options.blob_garbage_collection_age_cutoff: 0.250000
2025/05/28-00:39:32.067864 f71c Options.blob_garbage_collection_force_threshold: 1.000000
2025/05/28-00:39:32.067868 f71c          Options.blob_compaction_readahead_size: 0
2025/05/28-00:39:32.067871 f71c                Options.blob_file_starting_level: 0
2025/05/28-00:39:32.067874 f71c         Options.experimental_mempurge_threshold: 0.000000
2025/05/28-00:39:32.067878 f71c            Options.memtable_max_range_deletions: 0
2025/05/28-00:39:32.067925 f71c [db\column_family.cc:629] --------------- Options for column family [utxo]:
2025/05/28-00:39:32.067930 f71c               Options.comparator: leveldb.BytewiseComparator
2025/05/28-00:39:32.067934 f71c           Options.merge_operator: None
2025/05/28-00:39:32.067937 f71c        Options.compaction_filter: None
2025/05/28-00:39:32.067940 f71c        Options.compaction_filter_factory: None
2025/05/28-00:39:32.067943 f71c  Options.sst_partitioner_factory: None
2025/05/28-00:39:32.067947 f71c         Options.memtable_factory: SkipListFactory
2025/05/28-00:39:32.067950 f71c            Options.table_factory: BlockBasedTable
2025/05/28-00:39:32.067976 f71c            table_factory options:   flush_block_policy_factory: FlushBlockBySizePolicyFactory (0000019B2440C740)
  cache_index_and_filter_blocks: 0
  cache_index_and_filter_blocks_with_high_priority: 1
  pin_l0_filter_and_index_blocks_in_cache: 0
  pin_top_level_index_and_filter: 1
  index_type: 0
  data_block_index_type: 0
  index_shortening: 1
  data_block_hash_table_util_ratio: 0.750000
  checksum: 4
  no_block_cache: 0
  block_cache: 0000019B22F009E0
  block_cache_name: LRUCache
  block_cache_options:
    capacity : 33554432
    num_shard_bits : 6
    strict_capacity_limit : 0
    memory_allocator : None
    high_pri_pool_ratio: 0.500
    low_pri_pool_ratio: 0.000
  persistent_cache: 0000000000000000
  block_size: 4096
  block_size_deviation: 10
  block_restart_interval: 16
  index_block_restart_interval: 1
  metadata_block_size: 4096
  partition_filters: 0
  use_delta_encoding: 1
  filter_policy: nullptr
  whole_key_filtering: 1
  verify_compression: 0
  read_amp_bytes_per_bit: 0
  format_version: 6
  enable_index_compression: 1
  block_align: 0
  max_auto_readahead_size: 262144
