2025/05/27-00:21:46.921450 dca0 RocksDB version: 9.10.0
2025/05/27-00:21:46.921526 dca0 Git sha ae8fb3e5000e46d8d4c9dbf3a36019c0aaceebff
2025/05/27-00:21:46.921541 dca0 Compile date 2025-01-22 17:43:14
2025/05/27-00:21:46.921554 dca0 DB SUMMARY
2025/05/27-00:21:46.921564 dca0 Host name (Env):  MISUMI7
2025/05/27-00:21:46.921571 dca0 DB Session ID:  4ULIV35BWIWDLNWQC8FC
2025/05/27-00:21:46.922539 dca0 CURRENT file:  CURRENT
2025/05/27-00:21:46.922566 dca0 IDENTITY file:  IDENTITY
2025/05/27-00:21:46.922636 dca0 MANIFEST file:  MANIFEST-000039 size: 1237 Bytes
2025/05/27-00:21:46.922670 dca0 SST files in A:\Licenta\data dir, Total Num: 2, files: 000024.sst 000025.sst 
2025/05/27-00:21:46.922685 dca0 Write Ahead Log file in A:\Licenta\data: 000038.log size: 0 ; 
2025/05/27-00:21:46.923271 dca0                         Options.error_if_exists: 0
2025/05/27-00:21:46.923288 dca0                       Options.create_if_missing: 1
2025/05/27-00:21:46.923293 dca0                         Options.paranoid_checks: 1
2025/05/27-00:21:46.923299 dca0             Options.flush_verify_memtable_count: 1
2025/05/27-00:21:46.923304 dca0          Options.compaction_verify_record_count: 1
2025/05/27-00:21:46.923308 dca0                               Options.track_and_verify_wals_in_manifest: 0
2025/05/27-00:21:46.923311 dca0        Options.verify_sst_unique_id_in_manifest: 1
2025/05/27-00:21:46.923316 dca0                                     Options.env: 000001D06AC7FD90
2025/05/27-00:21:46.923322 dca0                                      Options.fs: WinFS
2025/05/27-00:21:46.923327 dca0                                Options.info_log: 000001D06C120A70
2025/05/27-00:21:46.923332 dca0                Options.max_file_opening_threads: 16
2025/05/27-00:21:46.923342 dca0                              Options.statistics: 0000000000000000
2025/05/27-00:21:46.923347 dca0                               Options.use_fsync: 0
2025/05/27-00:21:46.923352 dca0                       Options.max_log_file_size: 0
2025/05/27-00:21:46.923358 dca0                  Options.max_manifest_file_size: 1073741824
2025/05/27-00:21:46.923363 dca0                   Options.log_file_time_to_roll: 0
2025/05/27-00:21:46.923368 dca0                       Options.keep_log_file_num: 1000
2025/05/27-00:21:46.923372 dca0                    Options.recycle_log_file_num: 0
2025/05/27-00:21:46.923377 dca0                         Options.allow_fallocate: 1
2025/05/27-00:21:46.923381 dca0                        Options.allow_mmap_reads: 0
2025/05/27-00:21:46.923385 dca0                       Options.allow_mmap_writes: 0
2025/05/27-00:21:46.923389 dca0                        Options.use_direct_reads: 0
2025/05/27-00:21:46.923393 dca0                        Options.use_direct_io_for_flush_and_compaction: 0
2025/05/27-00:21:46.923397 dca0          Options.create_missing_column_families: 1
2025/05/27-00:21:46.923400 dca0                              Options.db_log_dir: 
2025/05/27-00:21:46.923405 dca0                                 Options.wal_dir: 
2025/05/27-00:21:46.923410 dca0                Options.table_cache_numshardbits: 6
2025/05/27-00:21:46.923414 dca0                         Options.WAL_ttl_seconds: 0
2025/05/27-00:21:46.923418 dca0                       Options.WAL_size_limit_MB: 0
2025/05/27-00:21:46.923422 dca0                        Options.max_write_batch_group_size_bytes: 1048576
2025/05/27-00:21:46.923427 dca0             Options.manifest_preallocation_size: 4194304
2025/05/27-00:21:46.923431 dca0                     Options.is_fd_close_on_exec: 1
2025/05/27-00:21:46.923434 dca0                   Options.advise_random_on_open: 1
2025/05/27-00:21:46.923438 dca0                    Options.db_write_buffer_size: 0
2025/05/27-00:21:46.923442 dca0                    Options.write_buffer_manager: 000001D06AC809C0
2025/05/27-00:21:46.923446 dca0           Options.random_access_max_buffer_size: 1048576
2025/05/27-00:21:46.923450 dca0                      Options.use_adaptive_mutex: 0
2025/05/27-00:21:46.923454 dca0                            Options.rate_limiter: 0000000000000000
2025/05/27-00:21:46.923460 dca0     Options.sst_file_manager.rate_bytes_per_sec: 0
2025/05/27-00:21:46.923523 dca0                       Options.wal_recovery_mode: 2
2025/05/27-00:21:46.923533 dca0                  Options.enable_thread_tracking: 0
2025/05/27-00:21:46.923537 dca0                  Options.enable_pipelined_write: 0
2025/05/27-00:21:46.923542 dca0                  Options.unordered_write: 0
2025/05/27-00:21:46.923546 dca0         Options.allow_concurrent_memtable_write: 1
2025/05/27-00:21:46.923550 dca0      Options.enable_write_thread_adaptive_yield: 1
2025/05/27-00:21:46.923553 dca0             Options.write_thread_max_yield_usec: 100
2025/05/27-00:21:46.923557 dca0            Options.write_thread_slow_yield_usec: 3
2025/05/27-00:21:46.923561 dca0                               Options.row_cache: None
2025/05/27-00:21:46.923565 dca0                              Options.wal_filter: None
2025/05/27-00:21:46.923569 dca0             Options.avoid_flush_during_recovery: 0
2025/05/27-00:21:46.923573 dca0             Options.allow_ingest_behind: 0
2025/05/27-00:21:46.923577 dca0             Options.two_write_queues: 0
2025/05/27-00:21:46.923581 dca0             Options.manual_wal_flush: 0
2025/05/27-00:21:46.923585 dca0             Options.wal_compression: 0
2025/05/27-00:21:46.923588 dca0             Options.background_close_inactive_wals: 0
2025/05/27-00:21:46.923592 dca0             Options.atomic_flush: 0
2025/05/27-00:21:46.923595 dca0             Options.avoid_unnecessary_blocking_io: 0
2025/05/27-00:21:46.923599 dca0             Options.prefix_seek_opt_in_only: 0
2025/05/27-00:21:46.923603 dca0                 Options.persist_stats_to_disk: 0
2025/05/27-00:21:46.923607 dca0                 Options.write_dbid_to_manifest: 1
2025/05/27-00:21:46.923610 dca0                 Options.write_identity_file: 1
2025/05/27-00:21:46.923614 dca0                 Options.log_readahead_size: 0
2025/05/27-00:21:46.923618 dca0                 Options.file_checksum_gen_factory: Unknown
2025/05/27-00:21:46.923622 dca0                 Options.best_efforts_recovery: 0
2025/05/27-00:21:46.923625 dca0                Options.max_bgerror_resume_count: 2147483647
2025/05/27-00:21:46.923629 dca0            Options.bgerror_resume_retry_interval: 1000000
2025/05/27-00:21:46.923633 dca0             Options.allow_data_in_errors: 0
2025/05/27-00:21:46.923638 dca0             Options.db_host_id: __hostname__
2025/05/27-00:21:46.923642 dca0             Options.enforce_single_del_contracts: true
2025/05/27-00:21:46.923649 dca0             Options.metadata_write_temperature: kUnknown
2025/05/27-00:21:46.923653 dca0             Options.wal_write_temperature: kUnknown
2025/05/27-00:21:46.923657 dca0             Options.max_background_jobs: 2
2025/05/27-00:21:46.923661 dca0             Options.max_background_compactions: -1
2025/05/27-00:21:46.923666 dca0             Options.max_subcompactions: 1
2025/05/27-00:21:46.923681 dca0             Options.avoid_flush_during_shutdown: 0
2025/05/27-00:21:46.923686 dca0           Options.writable_file_max_buffer_size: 1048576
2025/05/27-00:21:46.923691 dca0             Options.delayed_write_rate : 16777216
2025/05/27-00:21:46.923697 dca0             Options.max_total_wal_size: 0
2025/05/27-00:21:46.923702 dca0             Options.delete_obsolete_files_period_micros: 21600000000
2025/05/27-00:21:46.923707 dca0                   Options.stats_dump_period_sec: 600
2025/05/27-00:21:46.923712 dca0                 Options.stats_persist_period_sec: 600
2025/05/27-00:21:46.923717 dca0                 Options.stats_history_buffer_size: 1048576
2025/05/27-00:21:46.923722 dca0                          Options.max_open_files: -1
2025/05/27-00:21:46.923727 dca0                          Options.bytes_per_sync: 0
2025/05/27-00:21:46.923732 dca0                      Options.wal_bytes_per_sync: 0
2025/05/27-00:21:46.923737 dca0                   Options.strict_bytes_per_sync: 0
2025/05/27-00:21:46.923743 dca0       Options.compaction_readahead_size: 2097152
2025/05/27-00:21:46.923749 dca0                  Options.max_background_flushes: -1
2025/05/27-00:21:46.923793 dca0 Options.daily_offpeak_time_utc: 
2025/05/27-00:21:46.923801 dca0 Compression algorithms supported:
2025/05/27-00:21:46.923822 dca0 	kZSTD supported: 1
2025/05/27-00:21:46.923828 dca0 	kSnappyCompression supported: 1
2025/05/27-00:21:46.923833 dca0 	kBZip2Compression supported: 0
2025/05/27-00:21:46.923839 dca0 	kZlibCompression supported: 1
2025/05/27-00:21:46.923844 dca0 	kLZ4Compression supported: 1
2025/05/27-00:21:46.923849 dca0 	kXpressCompression supported: 0
2025/05/27-00:21:46.923854 dca0 	kLZ4HCCompression supported: 1
2025/05/27-00:21:46.923860 dca0 	kZSTDNotFinalCompression supported: 1
2025/05/27-00:21:46.923874 dca0 Fast CRC32 supported: Not supported on x86
2025/05/27-00:21:46.923879 dca0 DMutex implementation: std::mutex
2025/05/27-00:21:46.923884 dca0 Jemalloc supported: 0
2025/05/27-00:21:46.925370 dca0 [db\version_set.cc:6030] Recovering from manifest file: A:\Licenta\data/MANIFEST-000039
2025/05/27-00:21:46.925772 dca0 [db\column_family.cc:629] --------------- Options for column family [default]:
2025/05/27-00:21:46.925795 dca0               Options.comparator: leveldb.BytewiseComparator
2025/05/27-00:21:46.925806 dca0           Options.merge_operator: None
2025/05/27-00:21:46.925811 dca0        Options.compaction_filter: None
2025/05/27-00:21:46.925815 dca0        Options.compaction_filter_factory: None
2025/05/27-00:21:46.925819 dca0  Options.sst_partitioner_factory: None
2025/05/27-00:21:46.925823 dca0         Options.memtable_factory: SkipListFactory
2025/05/27-00:21:46.925828 dca0            Options.table_factory: BlockBasedTable
2025/05/27-00:21:46.925879 dca0            table_factory options:   flush_block_policy_factory: FlushBlockBySizePolicyFactory (000001D06C13F100)
  cache_index_and_filter_blocks: 0
  cache_index_and_filter_blocks_with_high_priority: 1
  pin_l0_filter_and_index_blocks_in_cache: 0
  pin_top_level_index_and_filter: 1
  index_type: 0
  data_block_index_type: 0
  index_shortening: 1
  data_block_hash_table_util_ratio: 0.750000
  checksum: 4
  no_block_cache: 0
  block_cache: 000001D06C115480
  block_cache_name: LRUCache
  block_cache_options:
    capacity : 33554432
    num_shard_bits : 6
    strict_capacity_limit : 0
    memory_allocator : None
    high_pri_pool_ratio: 0.500
    low_pri_pool_ratio: 0.000
  persistent_cache: 0000000000000000
  block_size: 4096
  block_size_deviation: 10
  block_restart_interval: 16
  index_block_restart_interval: 1
  metadata_block_size: 4096
  partition_filters: 0
  use_delta_encoding: 1
  filter_policy: nullptr
  whole_key_filtering: 1
  verify_compression: 0
  read_amp_bytes_per_bit: 0
  format_version: 6
  enable_index_compression: 1
  block_align: 0
  max_auto_readahead_size: 262144
  prepopulate_block_cache: 0
  initial_auto_readahead_size: 8192
  num_file_reads_for_auto_readahead: 2
2025/05/27-00:21:46.925885 dca0        Options.write_buffer_size: 67108864
2025/05/27-00:21:46.925889 dca0  Options.max_write_buffer_number: 2
2025/05/27-00:21:46.925893 dca0          Options.compression: Snappy
2025/05/27-00:21:46.925898 dca0                  Options.bottommost_compression: Disabled
2025/05/27-00:21:46.925902 dca0       Options.prefix_extractor: nullptr
2025/05/27-00:21:46.925906 dca0   Options.memtable_insert_with_hint_prefix_extractor: nullptr
2025/05/27-00:21:46.925910 dca0             Options.num_levels: 7
2025/05/27-00:21:46.925914 dca0        Options.min_write_buffer_number_to_merge: 1
2025/05/27-00:21:46.925918 dca0     Options.max_write_buffer_number_to_maintain: 0
2025/05/27-00:21:46.925922 dca0     Options.max_write_buffer_size_to_maintain: 0
2025/05/27-00:21:46.925926 dca0            Options.bottommost_compression_opts.window_bits: -14
2025/05/27-00:21:46.925930 dca0                  Options.bottommost_compression_opts.level: 32767
2025/05/27-00:21:46.925935 dca0               Options.bottommost_compression_opts.strategy: 0
2025/05/27-00:21:46.925939 dca0         Options.bottommost_compression_opts.max_dict_bytes: 0
2025/05/27-00:21:46.925943 dca0         Options.bottommost_compression_opts.zstd_max_train_bytes: 0
2025/05/27-00:21:46.925953 dca0         Options.bottommost_compression_opts.parallel_threads: 1
2025/05/27-00:21:46.925959 dca0                  Options.bottommost_compression_opts.enabled: false
2025/05/27-00:21:46.925963 dca0         Options.bottommost_compression_opts.max_dict_buffer_bytes: 0
2025/05/27-00:21:46.925967 dca0         Options.bottommost_compression_opts.use_zstd_dict_trainer: true
2025/05/27-00:21:46.925972 dca0            Options.compression_opts.window_bits: -14
2025/05/27-00:21:46.925976 dca0                  Options.compression_opts.level: 32767
2025/05/27-00:21:46.925980 dca0               Options.compression_opts.strategy: 0
2025/05/27-00:21:46.925985 dca0         Options.compression_opts.max_dict_bytes: 0
2025/05/27-00:21:46.925989 dca0         Options.compression_opts.zstd_max_train_bytes: 0
2025/05/27-00:21:46.925993 dca0         Options.compression_opts.use_zstd_dict_trainer: true
2025/05/27-00:21:46.925997 dca0         Options.compression_opts.parallel_threads: 1
2025/05/27-00:21:46.926001 dca0                  Options.compression_opts.enabled: false
2025/05/27-00:21:46.926006 dca0         Options.compression_opts.max_dict_buffer_bytes: 0
2025/05/27-00:21:46.926010 dca0      Options.level0_file_num_compaction_trigger: 4
2025/05/27-00:21:46.926014 dca0          Options.level0_slowdown_writes_trigger: 20
2025/05/27-00:21:46.926019 dca0              Options.level0_stop_writes_trigger: 36
2025/05/27-00:21:46.926024 dca0                   Options.target_file_size_base: 67108864
2025/05/27-00:21:46.926029 dca0             Options.target_file_size_multiplier: 1
2025/05/27-00:21:46.926033 dca0                Options.max_bytes_for_level_base: 268435456
2025/05/27-00:21:46.926039 dca0 Options.level_compaction_dynamic_level_bytes: 1
2025/05/27-00:21:46.926044 dca0          Options.max_bytes_for_level_multiplier: 10.000000
2025/05/27-00:21:46.926051 dca0 Options.max_bytes_for_level_multiplier_addtl[0]: 1
2025/05/27-00:21:46.926055 dca0 Options.max_bytes_for_level_multiplier_addtl[1]: 1
2025/05/27-00:21:46.926058 dca0 Options.max_bytes_for_level_multiplier_addtl[2]: 1
2025/05/27-00:21:46.926060 dca0 Options.max_bytes_for_level_multiplier_addtl[3]: 1
2025/05/27-00:21:46.926063 dca0 Options.max_bytes_for_level_multiplier_addtl[4]: 1
2025/05/27-00:21:46.926065 dca0 Options.max_bytes_for_level_multiplier_addtl[5]: 1
2025/05/27-00:21:46.926068 dca0 Options.max_bytes_for_level_multiplier_addtl[6]: 1
2025/05/27-00:21:46.926080 dca0       Options.max_sequential_skip_in_iterations: 8
2025/05/27-00:21:46.926083 dca0                    Options.max_compaction_bytes: 1677721600
2025/05/27-00:21:46.926085 dca0                        Options.arena_block_size: 1048576
2025/05/27-00:21:46.926088 dca0   Options.soft_pending_compaction_bytes_limit: 68719476736
2025/05/27-00:21:46.926091 dca0   Options.hard_pending_compaction_bytes_limit: 274877906944
2025/05/27-00:21:46.926093 dca0                Options.disable_auto_compactions: 0
2025/05/27-00:21:46.926097 dca0                        Options.compaction_style: kCompactionStyleLevel
2025/05/27-00:21:46.926101 dca0                          Options.compaction_pri: kMinOverlappingRatio
2025/05/27-00:21:46.926103 dca0 Options.compaction_options_universal.size_ratio: 1
2025/05/27-00:21:46.926106 dca0 Options.compaction_options_universal.min_merge_width: 2
2025/05/27-00:21:46.926109 dca0 Options.compaction_options_universal.max_merge_width: 4294967295
2025/05/27-00:21:46.926111 dca0 Options.compaction_options_universal.max_size_amplification_percent: 200
2025/05/27-00:21:46.926114 dca0 Options.compaction_options_universal.compression_size_percent: -1
2025/05/27-00:21:46.926123 dca0 Options.compaction_options_universal.stop_style: kCompactionStopStyleTotalSize
2025/05/27-00:21:46.926126 dca0 Options.compaction_options_universal.max_read_amp: -1
2025/05/27-00:21:46.926129 dca0 Options.compaction_options_fifo.max_table_files_size: 1073741824
2025/05/27-00:21:46.926131 dca0 Options.compaction_options_fifo.allow_compaction: 0
2025/05/27-00:21:46.926137 dca0                   Options.table_properties_collectors: 
2025/05/27-00:21:46.926185 dca0                   Options.inplace_update_support: 0
2025/05/27-00:21:46.926189 dca0                 Options.inplace_update_num_locks: 10000
2025/05/27-00:21:46.926192 dca0               Options.memtable_prefix_bloom_size_ratio: 0.000000
2025/05/27-00:21:46.926195 dca0               Options.memtable_whole_key_filtering: 0
2025/05/27-00:21:46.926198 dca0   Options.memtable_huge_page_size: 0
2025/05/27-00:21:46.926201 dca0                           Options.bloom_locality: 0
2025/05/27-00:21:46.926203 dca0                    Options.max_successive_merges: 0
2025/05/27-00:21:46.926206 dca0             Options.strict_max_successive_merges: 0
2025/05/27-00:21:46.926208 dca0                Options.optimize_filters_for_hits: 0
2025/05/27-00:21:46.926211 dca0                Options.paranoid_file_checks: 0
2025/05/27-00:21:46.926214 dca0                Options.force_consistency_checks: 1
2025/05/27-00:21:46.926216 dca0                Options.report_bg_io_stats: 0
2025/05/27-00:21:46.926219 dca0                               Options.ttl: 2592000
2025/05/27-00:21:46.926221 dca0          Options.periodic_compaction_seconds: 0
2025/05/27-00:21:46.926225 dca0                        Options.default_temperature: kUnknown
2025/05/27-00:21:46.926227 dca0  Options.preclude_last_level_data_seconds: 0
2025/05/27-00:21:46.926230 dca0    Options.preserve_internal_time_seconds: 0
2025/05/27-00:21:46.926233 dca0                       Options.enable_blob_files: false
2025/05/27-00:21:46.926235 dca0                           Options.min_blob_size: 0
2025/05/27-00:21:46.926238 dca0                          Options.blob_file_size: 268435456
2025/05/27-00:21:46.926240 dca0                   Options.blob_compression_type: NoCompression
2025/05/27-00:21:46.926243 dca0          Options.enable_blob_garbage_collection: false
2025/05/27-00:21:46.926246 dca0      Options.blob_garbage_collection_age_cutoff: 0.250000
2025/05/27-00:21:46.926249 dca0 Options.blob_garbage_collection_force_threshold: 1.000000
2025/05/27-00:21:46.926252 dca0          Options.blob_compaction_readahead_size: 0
2025/05/27-00:21:46.926255 dca0                Options.blob_file_starting_level: 0
2025/05/27-00:21:46.926257 dca0         Options.experimental_mempurge_threshold: 0.000000
2025/05/27-00:21:46.926260 dca0            Options.memtable_max_range_deletions: 0
2025/05/27-00:21:46.926604 dca0 [db\column_family.cc:629] --------------- Options for column family [block]:
2025/05/27-00:21:46.926611 dca0               Options.comparator: leveldb.BytewiseComparator
2025/05/27-00:21:46.926614 dca0           Options.merge_operator: None
2025/05/27-00:21:46.926617 dca0        Options.compaction_filter: None
2025/05/27-00:21:46.926620 dca0        Options.compaction_filter_factory: None
2025/05/27-00:21:46.926622 dca0  Options.sst_partitioner_factory: None
2025/05/27-00:21:46.926625 dca0         Options.memtable_factory: SkipListFactory
2025/05/27-00:21:46.926628 dca0            Options.table_factory: BlockBasedTable
2025/05/27-00:21:46.926652 dca0            table_factory options:   flush_block_policy_factory: FlushBlockBySizePolicyFactory (000001D06C13FA90)
  cache_index_and_filter_blocks: 0
  cache_index_and_filter_blocks_with_high_priority: 1
  pin_l0_filter_and_index_blocks_in_cache: 0
  pin_top_level_index_and_filter: 1
  index_type: 0
  data_block_index_type: 0
  index_shortening: 1
  data_block_hash_table_util_ratio: 0.750000
  checksum: 4
  no_block_cache: 0
  block_cache: 000001D06C1157B0
  block_cache_name: LRUCache
  block_cache_options:
    capacity : 33554432
    num_shard_bits : 6
    strict_capacity_limit : 0
    memory_allocator : None
    high_pri_pool_ratio: 0.500
    low_pri_pool_ratio: 0.000
  persistent_cache: 0000000000000000
  block_size: 4096
  block_size_deviation: 10
  block_restart_interval: 16
  index_block_restart_interval: 1
  metadata_block_size: 4096
  partition_filters: 0
  use_delta_encoding: 1
  filter_policy: nullptr
  whole_key_filtering: 1
  verify_compression: 0
  read_amp_bytes_per_bit: 0
  format_version: 6
  enable_index_compression: 1
  block_align: 0
  max_auto_readahead_size: 262144
  prepopulate_block_cache: 0
  initial_auto_readahead_size: 8192
  num_file_reads_for_auto_readahead: 2
2025/05/27-00:21:46.926680 dca0        Options.write_buffer_size: 67108864
2025/05/27-00:21:46.926684 dca0  Options.max_write_buffer_number: 2
2025/05/27-00:21:46.926687 dca0          Options.compression: Snappy
2025/05/27-00:21:46.926690 dca0                  Options.bottommost_compression: Disabled
2025/05/27-00:21:46.926693 dca0       Options.prefix_extractor: nullptr
2025/05/27-00:21:46.926696 dca0   Options.memtable_insert_with_hint_prefix_extractor: nullptr
2025/05/27-00:21:46.926698 dca0             Options.num_levels: 7
2025/05/27-00:21:46.926701 dca0        Options.min_write_buffer_number_to_merge: 1
2025/05/27-00:21:46.926703 dca0     Options.max_write_buffer_number_to_maintain: 0
2025/05/27-00:21:46.926706 dca0     Options.max_write_buffer_size_to_maintain: 0
2025/05/27-00:21:46.926709 dca0            Options.bottommost_compression_opts.window_bits: -14
2025/05/27-00:21:46.926711 dca0                  Options.bottommost_compression_opts.level: 32767
2025/05/27-00:21:46.926714 dca0               Options.bottommost_compression_opts.strategy: 0
2025/05/27-00:21:46.926717 dca0         Options.bottommost_compression_opts.max_dict_bytes: 0
2025/05/27-00:21:46.926719 dca0         Options.bottommost_compression_opts.zstd_max_train_bytes: 0
2025/05/27-00:21:46.926722 dca0         Options.bottommost_compression_opts.parallel_threads: 1
2025/05/27-00:21:46.926724 dca0                  Options.bottommost_compression_opts.enabled: false
2025/05/27-00:21:46.926727 dca0         Options.bottommost_compression_opts.max_dict_buffer_bytes: 0
2025/05/27-00:21:46.926730 dca0         Options.bottommost_compression_opts.use_zstd_dict_trainer: true
2025/05/27-00:21:46.926733 dca0            Options.compression_opts.window_bits: -14
2025/05/27-00:21:46.926735 dca0                  Options.compression_opts.level: 32767
2025/05/27-00:21:46.926738 dca0               Options.compression_opts.strategy: 0
2025/05/27-00:21:46.926740 dca0         Options.compression_opts.max_dict_bytes: 0
2025/05/27-00:21:46.926743 dca0         Options.compression_opts.zstd_max_train_bytes: 0
2025/05/27-00:21:46.926746 dca0         Options.compression_opts.use_zstd_dict_trainer: true
2025/05/27-00:21:46.926748 dca0         Options.compression_opts.parallel_threads: 1
2025/05/27-00:21:46.926751 dca0                  Options.compression_opts.enabled: false
2025/05/27-00:21:46.926753 dca0         Options.compression_opts.max_dict_buffer_bytes: 0
2025/05/27-00:21:46.926756 dca0      Options.level0_file_num_compaction_trigger: 4
2025/05/27-00:21:46.926759 dca0          Options.level0_slowdown_writes_trigger: 20
2025/05/27-00:21:46.926761 dca0              Options.level0_stop_writes_trigger: 36
2025/05/27-00:21:46.926764 dca0                   Options.target_file_size_base: 67108864
2025/05/27-00:21:46.926766 dca0             Options.target_file_size_multiplier: 1
2025/05/27-00:21:46.926769 dca0                Options.max_bytes_for_level_base: 268435456
2025/05/27-00:21:46.926772 dca0 Options.level_compaction_dynamic_level_bytes: 1
2025/05/27-00:21:46.926774 dca0          Options.max_bytes_for_level_multiplier: 10.000000
2025/05/27-00:21:46.926778 dca0 Options.max_bytes_for_level_multiplier_addtl[0]: 1
2025/05/27-00:21:46.926781 dca0 Options.max_bytes_for_level_multiplier_addtl[1]: 1
2025/05/27-00:21:46.926783 dca0 Options.max_bytes_for_level_multiplier_addtl[2]: 1
2025/05/27-00:21:46.926786 dca0 Options.max_bytes_for_level_multiplier_addtl[3]: 1
2025/05/27-00:21:46.926788 dca0 Options.max_bytes_for_level_multiplier_addtl[4]: 1
2025/05/27-00:21:46.926791 dca0 Options.max_bytes_for_level_multiplier_addtl[5]: 1
2025/05/27-00:21:46.926794 dca0 Options.max_bytes_for_level_multiplier_addtl[6]: 1
2025/05/27-00:21:46.926796 dca0       Options.max_sequential_skip_in_iterations: 8
2025/05/27-00:21:46.926799 dca0                    Options.max_compaction_bytes: 1677721600
2025/05/27-00:21:46.926830 dca0                        Options.arena_block_size: 1048576
2025/05/27-00:21:46.926834 dca0   Options.soft_pending_compaction_bytes_limit: 68719476736
2025/05/27-00:21:46.926837 dca0   Options.hard_pending_compaction_bytes_limit: 274877906944
2025/05/27-00:21:46.926840 dca0                Options.disable_auto_compactions: 0
2025/05/27-00:21:46.926844 dca0                        Options.compaction_style: kCompactionStyleLevel
2025/05/27-00:21:46.926848 dca0                          Options.compaction_pri: kMinOverlappingRatio
2025/05/27-00:21:46.926851 dca0 Options.compaction_options_universal.size_ratio: 1
2025/05/27-00:21:46.926854 dca0 Options.compaction_options_universal.min_merge_width: 2
2025/05/27-00:21:46.926856 dca0 Options.compaction_options_universal.max_merge_width: 4294967295
2025/05/27-00:21:46.926859 dca0 Options.compaction_options_universal.max_size_amplification_percent: 200
2025/05/27-00:21:46.926862 dca0 Options.compaction_options_universal.compression_size_percent: -1
2025/05/27-00:21:46.926865 dca0 Options.compaction_options_universal.stop_style: kCompactionStopStyleTotalSize
2025/05/27-00:21:46.926868 dca0 Options.compaction_options_universal.max_read_amp: -1
2025/05/27-00:21:46.926870 dca0 Options.compaction_options_fifo.max_table_files_size: 1073741824
2025/05/27-00:21:46.926873 dca0 Options.compaction_options_fifo.allow_compaction: 0
2025/05/27-00:21:46.926877 dca0                   Options.table_properties_collectors: 
2025/05/27-00:21:46.926879 dca0                   Options.inplace_update_support: 0
2025/05/27-00:21:46.926882 dca0                 Options.inplace_update_num_locks: 10000
2025/05/27-00:21:46.926885 dca0               Options.memtable_prefix_bloom_size_ratio: 0.000000
2025/05/27-00:21:46.926887 dca0               Options.memtable_whole_key_filtering: 0
2025/05/27-00:21:46.926890 dca0   Options.memtable_huge_page_size: 0
2025/05/27-00:21:46.926893 dca0                           Options.bloom_locality: 0
2025/05/27-00:21:46.926895 dca0                    Options.max_successive_merges: 0
2025/05/27-00:21:46.926898 dca0             Options.strict_max_successive_merges: 0
2025/05/27-00:21:46.926900 dca0                Options.optimize_filters_for_hits: 0
2025/05/27-00:21:46.926903 dca0                Options.paranoid_file_checks: 0
2025/05/27-00:21:46.926905 dca0                Options.force_consistency_checks: 1
2025/05/27-00:21:46.926908 dca0                Options.report_bg_io_stats: 0
2025/05/27-00:21:46.926911 dca0                               Options.ttl: 2592000
2025/05/27-00:21:46.926913 dca0          Options.periodic_compaction_seconds: 0
2025/05/27-00:21:46.926916 dca0                        Options.default_temperature: kUnknown
2025/05/27-00:21:46.926918 dca0  Options.preclude_last_level_data_seconds: 0
2025/05/27-00:21:46.926921 dca0    Options.preserve_internal_time_seconds: 0
2025/05/27-00:21:46.926923 dca0                       Options.enable_blob_files: false
2025/05/27-00:21:46.926926 dca0                           Options.min_blob_size: 0
2025/05/27-00:21:46.926929 dca0                          Options.blob_file_size: 268435456
2025/05/27-00:21:46.926931 dca0                   Options.blob_compression_type: NoCompression
2025/05/27-00:21:46.926934 dca0          Options.enable_blob_garbage_collection: false
2025/05/27-00:21:46.926937 dca0      Options.blob_garbage_collection_age_cutoff: 0.250000
2025/05/27-00:21:46.926940 dca0 Options.blob_garbage_collection_force_threshold: 1.000000
2025/05/27-00:21:46.926942 dca0          Options.blob_compaction_readahead_size: 0
2025/05/27-00:21:46.926945 dca0                Options.blob_file_starting_level: 0
2025/05/27-00:21:46.926948 dca0         Options.experimental_mempurge_threshold: 0.000000
2025/05/27-00:21:46.926950 dca0            Options.memtable_max_range_deletions: 0
2025/05/27-00:21:46.927044 dca0 [db\column_family.cc:629] --------------- Options for column family [blockIndex]:
2025/05/27-00:21:46.927048 dca0               Options.comparator: leveldb.BytewiseComparator
2025/05/27-00:21:46.927053 dca0           Options.merge_operator: None
2025/05/27-00:21:46.927056 dca0        Options.compaction_filter: None
2025/05/27-00:21:46.927059 dca0        Options.compaction_filter_factory: None
2025/05/27-00:21:46.927061 dca0  Options.sst_partitioner_factory: None
2025/05/27-00:21:46.927064 dca0         Options.memtable_factory: SkipListFactory
2025/05/27-00:21:46.927066 dca0            Options.table_factory: BlockBasedTable
2025/05/27-00:21:46.927089 dca0            table_factory options:   flush_block_policy_factory: FlushBlockBySizePolicyFactory (000001D06C13FD30)
  cache_index_and_filter_blocks: 0
  cache_index_and_filter_blocks_with_high_priority: 1
  pin_l0_filter_and_index_blocks_in_cache: 0
  pin_top_level_index_and_filter: 1
  index_type: 0
  data_block_index_type: 0
  index_shortening: 1
  data_block_hash_table_util_ratio: 0.750000
  checksum: 4
  no_block_cache: 0
  block_cache: 000001D06C114E20
  block_cache_name: LRUCache
  block_cache_options:
    capacity : 33554432
    num_shard_bits : 6
    strict_capacity_limit : 0
    memory_allocator : None
    high_pri_pool_ratio: 0.500
    low_pri_pool_ratio: 0.000
  persistent_cache: 0000000000000000
  block_size: 4096
  block_size_deviation: 10
  block_restart_interval: 16
  index_block_restart_interval: 1
  metadata_block_size: 4096
  partition_filters: 0
  use_delta_encoding: 1
  filter_policy: nullptr
  whole_key_filtering: 1
  verify_compression: 0
  read_amp_bytes_per_bit: 0
  format_version: 6
  enable_index_compression: 1
  block_align: 0
  max_auto_readahead_size: 262144
  prepopulate_block_cache: 0
  initial_auto_readahead_size: 8192
  num_file_reads_for_auto_readahead: 2
2025/05/27-00:21:46.927093 dca0        Options.write_buffer_size: 67108864
2025/05/27-00:21:46.927096 dca0  Options.max_write_buffer_number: 2
2025/05/27-00:21:46.927098 dca0          Options.compression: Snappy
2025/05/27-00:21:46.927101 dca0                  Options.bottommost_compression: Disabled
2025/05/27-00:21:46.927104 dca0       Options.prefix_extractor: nullptr
2025/05/27-00:21:46.927106 dca0   Options.memtable_insert_with_hint_prefix_extractor: nullptr
2025/05/27-00:21:46.927109 dca0             Options.num_levels: 7
2025/05/27-00:21:46.927111 dca0        Options.min_write_buffer_number_to_merge: 1
2025/05/27-00:21:46.927114 dca0     Options.max_write_buffer_number_to_maintain: 0
2025/05/27-00:21:46.927117 dca0     Options.max_write_buffer_size_to_maintain: 0
2025/05/27-00:21:46.927119 dca0            Options.bottommost_compression_opts.window_bits: -14
2025/05/27-00:21:46.927122 dca0                  Options.bottommost_compression_opts.level: 32767
2025/05/27-00:21:46.927125 dca0               Options.bottommost_compression_opts.strategy: 0
2025/05/27-00:21:46.927127 dca0         Options.bottommost_compression_opts.max_dict_bytes: 0
2025/05/27-00:21:46.927130 dca0         Options.bottommost_compression_opts.zstd_max_train_bytes: 0
2025/05/27-00:21:46.927132 dca0         Options.bottommost_compression_opts.parallel_threads: 1
2025/05/27-00:21:46.927135 dca0                  Options.bottommost_compression_opts.enabled: false
2025/05/27-00:21:46.927138 dca0         Options.bottommost_compression_opts.max_dict_buffer_bytes: 0
2025/05/27-00:21:46.927140 dca0         Options.bottommost_compression_opts.use_zstd_dict_trainer: true
2025/05/27-00:21:46.927143 dca0            Options.compression_opts.window_bits: -14
2025/05/27-00:21:46.927146 dca0                  Options.compression_opts.level: 32767
2025/05/27-00:21:46.927148 dca0               Options.compression_opts.strategy: 0
2025/05/27-00:21:46.927151 dca0         Options.compression_opts.max_dict_bytes: 0
2025/05/27-00:21:46.927153 dca0         Options.compression_opts.zstd_max_train_bytes: 0
2025/05/27-00:21:46.927156 dca0         Options.compression_opts.use_zstd_dict_trainer: true
2025/05/27-00:21:46.927159 dca0         Options.compression_opts.parallel_threads: 1
2025/05/27-00:21:46.927161 dca0                  Options.compression_opts.enabled: false
2025/05/27-00:21:46.927164 dca0         Options.compression_opts.max_dict_buffer_bytes: 0
2025/05/27-00:21:46.927168 dca0      Options.level0_file_num_compaction_trigger: 4
2025/05/27-00:21:46.927171 dca0          Options.level0_slowdown_writes_trigger: 20
2025/05/27-00:21:46.927174 dca0              Options.level0_stop_writes_trigger: 36
2025/05/27-00:21:46.927176 dca0                   Options.target_file_size_base: 67108864
2025/05/27-00:21:46.927179 dca0             Options.target_file_size_multiplier: 1
2025/05/27-00:21:46.927182 dca0                Options.max_bytes_for_level_base: 268435456
2025/05/27-00:21:46.927184 dca0 Options.level_compaction_dynamic_level_bytes: 1
2025/05/27-00:21:46.927187 dca0          Options.max_bytes_for_level_multiplier: 10.000000
2025/05/27-00:21:46.927190 dca0 Options.max_bytes_for_level_multiplier_addtl[0]: 1
2025/05/27-00:21:46.927193 dca0 Options.max_bytes_for_level_multiplier_addtl[1]: 1
2025/05/27-00:21:46.927196 dca0 Options.max_bytes_for_level_multiplier_addtl[2]: 1
2025/05/27-00:21:46.927198 dca0 Options.max_bytes_for_level_multiplier_addtl[3]: 1
2025/05/27-00:21:46.927201 dca0 Options.max_bytes_for_level_multiplier_addtl[4]: 1
2025/05/27-00:21:46.927203 dca0 Options.max_bytes_for_level_multiplier_addtl[5]: 1
2025/05/27-00:21:46.927206 dca0 Options.max_bytes_for_level_multiplier_addtl[6]: 1
2025/05/27-00:21:46.927209 dca0       Options.max_sequential_skip_in_iterations: 8
2025/05/27-00:21:46.927211 dca0                    Options.max_compaction_bytes: 1677721600
2025/05/27-00:21:46.927214 dca0                        Options.arena_block_size: 1048576
2025/05/27-00:21:46.927216 dca0   Options.soft_pending_compaction_bytes_limit: 68719476736
2025/05/27-00:21:46.927219 dca0   Options.hard_pending_compaction_bytes_limit: 274877906944
2025/05/27-00:21:46.927222 dca0                Options.disable_auto_compactions: 0
2025/05/27-00:21:46.927224 dca0                        Options.compaction_style: kCompactionStyleLevel
2025/05/27-00:21:46.927227 dca0                          Options.compaction_pri: kMinOverlappingRatio
2025/05/27-00:21:46.927230 dca0 Options.compaction_options_universal.size_ratio: 1
2025/05/27-00:21:46.927232 dca0 Options.compaction_options_universal.min_merge_width: 2
2025/05/27-00:21:46.927235 dca0 Options.compaction_options_universal.max_merge_width: 4294967295
2025/05/27-00:21:46.927238 dca0 Options.compaction_options_universal.max_size_amplification_percent: 200
2025/05/27-00:21:46.927240 dca0 Options.compaction_options_universal.compression_size_percent: -1
2025/05/27-00:21:46.927243 dca0 Options.compaction_options_universal.stop_style: kCompactionStopStyleTotalSize
2025/05/27-00:21:46.927246 dca0 Options.compaction_options_universal.max_read_amp: -1
2025/05/27-00:21:46.927248 dca0 Options.compaction_options_fifo.max_table_files_size: 1073741824
2025/05/27-00:21:46.927251 dca0 Options.compaction_options_fifo.allow_compaction: 0
2025/05/27-00:21:46.927254 dca0                   Options.table_properties_collectors: 
2025/05/27-00:21:46.927257 dca0                   Options.inplace_update_support: 0
2025/05/27-00:21:46.927260 dca0                 Options.inplace_update_num_locks: 10000
2025/05/27-00:21:46.927262 dca0               Options.memtable_prefix_bloom_size_ratio: 0.000000
2025/05/27-00:21:46.927265 dca0               Options.memtable_whole_key_filtering: 0
2025/05/27-00:21:46.927267 dca0   Options.memtable_huge_page_size: 0
2025/05/27-00:21:46.927270 dca0                           Options.bloom_locality: 0
2025/05/27-00:21:46.927273 dca0                    Options.max_successive_merges: 0
2025/05/27-00:21:46.927275 dca0             Options.strict_max_successive_merges: 0
2025/05/27-00:21:46.927278 dca0                Options.optimize_filters_for_hits: 0
2025/05/27-00:21:46.927280 dca0                Options.paranoid_file_checks: 0
2025/05/27-00:21:46.927283 dca0                Options.force_consistency_checks: 1
2025/05/27-00:21:46.927286 dca0                Options.report_bg_io_stats: 0
2025/05/27-00:21:46.927288 dca0                               Options.ttl: 2592000
2025/05/27-00:21:46.927291 dca0          Options.periodic_compaction_seconds: 0
2025/05/27-00:21:46.927295 dca0                        Options.default_temperature: kUnknown
2025/05/27-00:21:46.927298 dca0  Options.preclude_last_level_data_seconds: 0
2025/05/27-00:21:46.927301 dca0    Options.preserve_internal_time_seconds: 0
2025/05/27-00:21:46.927303 dca0                       Options.enable_blob_files: false
2025/05/27-00:21:46.927306 dca0                           Options.min_blob_size: 0
2025/05/27-00:21:46.927308 dca0                          Options.blob_file_size: 268435456
2025/05/27-00:21:46.927311 dca0                   Options.blob_compression_type: NoCompression
2025/05/27-00:21:46.927314 dca0          Options.enable_blob_garbage_collection: false
2025/05/27-00:21:46.927317 dca0      Options.blob_garbage_collection_age_cutoff: 0.250000
2025/05/27-00:21:46.927319 dca0 Options.blob_garbage_collection_force_threshold: 1.000000
2025/05/27-00:21:46.927322 dca0          Options.blob_compaction_readahead_size: 0
2025/05/27-00:21:46.927325 dca0                Options.blob_file_starting_level: 0
2025/05/27-00:21:46.927327 dca0         Options.experimental_mempurge_threshold: 0.000000
2025/05/27-00:21:46.927330 dca0            Options.memtable_max_range_deletions: 0
2025/05/27-00:21:46.927407 dca0 [db\column_family.cc:629] --------------- Options for column family [utxo]:
2025/05/27-00:21:46.927412 dca0               Options.comparator: leveldb.BytewiseComparator
2025/05/27-00:21:46.927414 dca0           Options.merge_operator: None
2025/05/27-00:21:46.927417 dca0        Options.compaction_filter: None
2025/05/27-00:21:46.927419 dca0        Options.compaction_filter_factory: None
2025/05/27-00:21:46.927422 dca0  Options.sst_partitioner_factory: None
2025/05/27-00:21:46.927424 dca0         Options.memtable_factory: SkipListFactory
2025/05/27-00:21:46.927427 dca0            Options.table_factory: BlockBasedTable
2025/05/27-00:21:46.927447 dca0            table_factory options:   flush_block_policy_factory: FlushBlockBySizePolicyFactory (000001D06C140000)
  cache_index_and_filter_blocks: 0
  cache_index_and_filter_blocks_with_high_priority: 1
  pin_l0_filter_and_index_blocks_in_cache: 0
  pin_top_level_index_and_filter: 1
  index_type: 0
  data_block_index_type: 0
  index_shortening: 1
  data_block_hash_table_util_ratio: 0.750000
  checksum: 4
  no_block_cache: 0
  block_cache: 000001D06C115590
  block_cache_name: LRUCache
  block_cache_options:
    capacity : 33554432
    num_shard_bits : 6
    strict_capacity_limit : 0
    memory_allocator : None
    high_pri_pool_ratio: 0.500
    low_pri_pool_ratio: 0.000
  persistent_cache: 0000000000000000
  block_size: 4096
  block_size_deviation: 10
  block_restart_interval: 16
  index_block_restart_interval: 1
  metadata_block_size: 4096
  partition_filters: 0
  use_delta_encoding: 1
  filter_policy: nullptr
  whole_key_filtering: 1
  verify_compression: 0
  read_amp_bytes_per_bit: 0
  format_version: 6
  enable_index_compression: 1
  block_align: 0
  max_auto_readahead_size: 262144
  prepopulate_block_cache: 0
  initial_auto_readahead_size: 8192
